0.00000091525407835463
0.00000313791325077037
-0.00000003378407155866
-0.00001662504671900613
0.00000042742552719472
0.00001098755165900205
-0.00047072258763993305
0.02281438920393470300
-0.00006747814363308215
29.56779292915643300000
-0.00000119068627523679
0.00000313791325077816
-0.00000003378407155100
0.00000063833144154022
0.00001134740904307418
0.00001098755165900909
0.02227618847265348800
0.02281438920394536100
-0.00006747814362098766
29.56779292915645400000
-0.00000119068627523649
0.00000091525407839461
-0.00000003378407155155
0.00001436711303507824
0.00001134740904307288
-0.00000042742552716557
0.02227618847265317900
0.00047072258767170971
-0.00006747814362075954
29.56779292915643300000
-0.00000119068627523650
0.00000091525407839448
0.00000313791325077765
0.00001436711303507842
-0.00000063833144153214
-0.00001662504671903344
0.02227618847265300600
0.00047072258767174788
-0.02281438920394577100
29.56779292915646100000
0.00000575925960649625
0.00000190458629596642
-0.00000028470712977598
-0.00000846914843691855
0.00000648157286570270
-0.00000386051590323994
-0.00369365454025683170
0.00959600115919235360
-0.01880042084376828600
25.56863890552015000000
0.00000153104729823631
0.00000190458629597686
-0.00000028470712977223
-0.00000852049174822234
0.00000205164270291374
-0.00000386051590323661
-0.01289807422483994100
0.00959600115920159270
-0.01880042084375782600
25.56863890552016400000
0.00000153104729823656
0.00000575925960653088
-0.00000028470712976991
-0.00000953094364179744
0.00000205164270290517
-0.00000648157286567777
-0.01289807422484024800
0.00369365454028444330
-0.01880042084375763800
25.56863890552017400000
0.00000153104729823652
0.00000575925960653096
0.00000190458629597282
-0.00000953094364179725
0.00000852049174822971
-0.00000846914843694263
-0.01289807422484027700
0.00369365454028440160
-0.00959600115920193450
25.56863890552015700000
