-0.00000252786497441497
0.00000045980916878995
0.00000031353515728461
-0.00000742458660888362
-0.00001389042064746671
0.00000623041098697819
-0.02861239418384560820
0.01186470427908708353
-0.00584891491432153968
24.99496683552696651986
-0.00001683911691784585
0.00000045980916876854
0.00000031353515726243
-0.00000027455728441612
-0.00000703293934602625
0.00000623041098693839
-0.02259660481917784292
0.01186470427905606147
-0.00584891491436479588
24.99496683552695230901
-0.00001683911691784017
-0.00000252786497443949
0.00000031353515727356
0.00002637073720526447
-0.00000703293934599988
0.00001389042064749090
-0.02259660481917334304
0.02861239418386920738
-0.00584891491436304641
24.99496683552692744001
-0.00001683911691782931
-0.00000252786497443262
0.00000045980916876874
0.00002637073720524458
0.00000027455728441195
-0.00000742458660889475
-0.02259660481916492963
0.02861239418386746572
-0.01186470427905903131
24.99496683552695230901
0.00000058876780156634
0.00000072679551236065
0.00000176203988659180
0.00000006394528890819
-0.00000778009744321640
-0.00000922127524828194
0.00252449186958116252
-0.00176620352404603621
-0.02689576474315608437
16.22717095363616479631
-0.00001385982420215503
0.00000072679551234754
0.00000176203988657689
-0.00000770373893470540
-0.00001347729291838613
-0.00000922127524830714
-0.02613747639768456213
-0.00176620352406619630
-0.02689576474318417648
16.22717095363613637460
-0.00001385982420215126
0.00000058876780154986
0.00000176203988658479
0.00000653861655122957
-0.00001347729291836746
0.00000778009744323377
-0.02613747639768158881
-0.00252449186956583754
-0.02689576474318303503
16.22717095363615413817
-0.00001385982420214422
0.00000058876780155474
0.00000072679551234778
0.00000653861655121546
0.00000770373893470229
0.00000006394528890472
-0.02613747639767619382
-0.00252449186956691480
0.00176620352406429721
16.22717095363613992731
